print map_v_original: 
        0       5000 5000 5000 180000.0 0 11.99 B 8 years 0 MORTGAGE    1
        1       12000 12000 12000 76000.0 0 11.44 B 3 years 1 MORTGAGE  1
        10      3500 3500 3500 64000.0 0 15.61 D 10+ years 1 MORTGAGE   1
        11      16000 16000 16000 56000.0 0 11.47 B 5 years 2 MORTGAGE  1
        12      11000 11000 11000 43917.0 0 20.0 D 10+ years 0 RENT     1
        13      4000 4000 4000 79000.0 0 5.32 A 10+ years 2 MORTGAGE    1
        14      15000 15000 15000 31000.0 1 14.46 C 2 years 1 RENT      1
        15      24000 24000 24000 106000.0 1 18.99 D 9 years 0 RENT     1
        16      15200 15200 15200 47664.0 1 26.3 E nan 2 RENT   1
        17      6000 6000 6000 30000.0 0 12.35 B 5 years 2 RENT 1
        18      18000 18000 18000 81250.0 0 11.39 B 2 years 0 RENT      1
        19      1800 1800 1800 87000.0 0 23.4 E 10+ years 2 MORTGAGE    1
        2       5000 5000 5000 16800.0 0 16.14 C 3 years 0 RENT 1
        20      13000 13000 13000 62000.0 1 9.93 B 3 years 2 RENT       1
        21      6500 6500 6500 21500.0 0 13.67 C 5 years 1 RENT 1
        22      10000 10000 10000 25000.0 1 26.3 E nan 0 MORTGAGE       1
        23      2500 2500 2500 52000.0 0 11.99 B 10+ years 2 MORTGAGE   1
        24      35000 35000 35000 100000.0 1 11.55 B 1 year 1 MORTGAGE  1
        25      14000 14000 14000 28000.0 1 9.49 B 5 years 2 MORTGAGE   1
        26      20450 20450 20450 60000.0 0 8.08 A < 1 year 1 OWN       1
        27      15000 15000 15000 101989.0 0 8.46 A 10+ years 1 OWN     1
        28      22350 22350 22350 44712.0 0 7.26 A 3 years 2 RENT       1
        29      24000 24000 24000 75000.0 1 10.42 B 10+ years 1 RENT    1
        3       20000 20000 20000 110000.0 1 10.47 B 1 year 1 RENT      1
        30      15000 15000 15000 44865.0 0 10.78 B 10+ years 0 RENT    1
        31      40000 40000 40000 100000.0 0 6.11 A 6 years 1 MORTGAGE  1
        32      16000 16000 16000 65500.0 0 8.39 B 3 years 2 RENT       1
        33      5000 5000 5000 55000.0 0 7.97 A 6 years 2 MORTGAGE      1
        34      11000 11000 11000 71074.8 0 6.49 A nan 1 RENT   1
        35      11000 11000 11000 40000.0 0 14.65 C 3 years 1 RENT      1
        36      12000 12000 12000 48800.0 0 5.31 A 10+ years 2 MORTGAGE 1
        37      29900 29900 29900 68000.0 1 21.18 E 2 years 0 OWN       1
        38      17000 17000 17000 175000.0 0 7.89 A 10+ years 2 MORTGAGE        1
        39      10000 10000 10000 95000.0 0 6.49 A nan 0 MORTGAGE       1
        4       2500 2500 2500 85000.0 0 14.47 C 10+ years 2 MORTGAGE   1
        40      9660 14322 6020 65935968.000000 0 15.714602 0 7 2 3     0
        41      8519 7090 9297 59068012.000000 1 25.332972 6 2 2 2      0
        42      20312 28464 13261 69384208.000000 0 6.002098 4 3 0 0    0
        43      31264 3538 21132 81518056.000000 0 29.338888 4 6 2 0    0
        44      18249 29278 23438 104111072.000000 1 25.834862 6 9 1 2  0
        45      7215 39389 20871 103584672.000000 1 18.772604 2 8 2 3   0
        46      7391 5087 19939 17948698.000000 1 26.139029 3 6 2 0     0
        47      32214 7902 8537 105355944.000000 1 26.885315 5 2 2 0    0
        48      2511 24610 36898 38304272.000000 1 7.869105 3 9 1 2     0
        49      31953 9040 14596 96519488.000000 1 9.271954 5 7 1 2     0
        5       8000 8000 8000 27000.0 0 11.49 B 1 year 0 MORTGAGE      1
        50      19294 2706 6254 63711268.000000 1 14.386164 1 -1 0 3    0
        51      23744 33390 34339 55592332.000000 1 20.852114 6 9 1 0   0
        52      12425 18333 30503 89043944.000000 0 6.773604 5 4 2 5    0
        53      36684 15607 32061 25793528.000000 0 28.999178 0 5 1 4   0
        54      15508 35828 34875 48756764.000000 1 9.140695 6 6 0 4    0
        55      25120 39554 21539 38768880.000000 0 13.438565 4 10 0 4  0
        56      30849 2267 1007 16103208.000000 0 7.396910 1 3 1 1      0
        57      2750 17577 823 24772598.000000 1 12.961820 4 1 1 1      0
        58      14159 19330 23921 38156396.000000 0 7.405087 2 2 2 1    0
        59      28306 2057 434 1435000.000000 1 25.793629 0 8 2 4       0
        6       20000 20000 20000 56000.0 0 12.05 C 7 years 0 MORTGAGE  1
        60      8101 29858 1449 12334928.000000 1 13.379613 1 -1 2 2    0
        61      7963 29479 34205 49824732.000000 1 16.612690 1 9 0 4    0
        62      30038 20565 31647 60692708.000000 1 27.451235 3 8 2 1   0
        63      34839 1388 26508 38326756.000000 1 10.382125 6 1 0 1    0
        64      21515 18427 12906 28564756.000000 0 22.629435 1 1 1 3   0
        65      13835 14758 3806 4437259.500000 0 11.747121 0 1 2 1     0
        66      33899 27806 20399 66240092.000000 1 13.926729 2 9 0 2   0
        67      39750 27599 25861 92016888.000000 0 20.221584 2 6 2 3   0
        68      14719 23029 216 14806865.000000 0 22.873701 5 -1 1 2    0
        69      16468 29509 217 2672305.250000 0 18.362648 4 1 0 3      0
        7       24000 24000 24000 131849.0 0 16.02 C 10+ years 0 RENT   1
        70      32946 39696 4819 443024.656250 0 16.775007 0 7 2 5      0
        71      29269 16159 21479 22628796.000000 0 26.210382 1 6 0 5   0
        72      37424 9793 35239 91863056.000000 0 8.380580 3 2 2 2     0
        73      22777 18186 25240 46494392.000000 1 27.572044 4 8 2 0   0
        74      14662 4955 16868 90578656.000000 0 14.305334 5 10 2 3   0
        75      7779 19601 36184 13574648.000000 1 12.768353 6 10 1 3   0
        76      7386 32670 27632 95213200.000000 1 14.362259 3 10 1 2   0
        77      17347 13195 27636 9864303.000000 0 27.415817 1 3 2 2    0
        78      32193 13411 35807 69684856.000000 1 28.324385 0 2 2 0   0
        79      15836 29145 6729 84945864.000000 1 11.498018 3 8 0 5    0
        8       34000 34000 34000 75000.0 0 7.89 A 10+ years 1 OWN      1
        9       12000 12000 12000 43000.0 1 24.5 F 4 years 1 RENT       1

sample_vector[] = 1
sample_vector[] = 1
sample_vector[] = 1
sample_vector[] = 1
sample_vector[] = 0
sample_vector[] = 1
sample_vector[] = 1
sample_vector[] = 1
sample_vector[] = 0
sample_vector[] = 0
sample_vector[] = 1
sample_vector[] = 1
sample_vector[] = 0
sample_vector[] = 0
sample_vector[] = 1
sample_vector[] = 1
sample_vector[] = 0
sample_vector[] = 1
sample_vector[] = 1
sample_vector[] = 1
sample_vector[] = 0
sample_vector[] = 0
sample_vector[] = 0
sample_vector[] = 1
sample_vector[] = 0
sample_vector[] = 1
sample_vector[] = 1
sample_vector[] = 1
sample_vector[] = 1
sample_vector[] = 1
sample_vector[] = 0
sample_vector[] = 0
sample_vector[] = 0
sample_vector[] = 0
sample_vector[] = 0
sample_vector[] = 0
sample_vector[] = 0
sample_vector[] = 0
sample_vector[] = 0
sample_vector[] = 0

unPermutePV: end
decryptPV: start
        0       5000 5000 5000 180000.0 0 11.99 B 8 years 0 MORTGAGE    resPV= 1
        1       12000 12000 12000 76000.0 0 11.44 B 3 years 1 MORTGAGE  resPV= 0
        10      3500 3500 3500 64000.0 0 15.61 D 10+ years 1 MORTGAGE   resPV= 1
        11      16000 16000 16000 56000.0 0 11.47 B 5 years 2 MORTGAGE  resPV= 1
        12      11000 11000 11000 43917.0 0 20.0 D 10+ years 0 RENT     resPV= 1
        13      4000 4000 4000 79000.0 0 5.32 A 10+ years 2 MORTGAGE    resPV= 0
        14      15000 15000 15000 31000.0 1 14.46 C 2 years 1 RENT      resPV= 0
        15      24000 24000 24000 106000.0 1 18.99 D 9 years 0 RENT     resPV= 1
        16      15200 15200 15200 47664.0 1 26.3 E nan 2 RENT   resPV= 0
        17      6000 6000 6000 30000.0 0 12.35 B 5 years 2 RENT resPV= 1
        18      18000 18000 18000 81250.0 0 11.39 B 2 years 0 RENT      resPV= 1
        19      1800 1800 1800 87000.0 0 23.4 E 10+ years 2 MORTGAGE    resPV= 1
        2       5000 5000 5000 16800.0 0 16.14 C 3 years 0 RENT resPV= 0
        20      13000 13000 13000 62000.0 1 9.93 B 3 years 2 RENT       resPV= 1
        21      6500 6500 6500 21500.0 0 13.67 C 5 years 1 RENT resPV= 0
        22      10000 10000 10000 25000.0 1 26.3 E nan 0 MORTGAGE       resPV= 1
        23      2500 2500 2500 52000.0 0 11.99 B 10+ years 2 MORTGAGE   resPV= 0
        24      35000 35000 35000 100000.0 1 11.55 B 1 year 1 MORTGAGE  resPV= 0
        25      14000 14000 14000 28000.0 1 9.49 B 5 years 2 MORTGAGE   resPV= 0
        26      20450 20450 20450 60000.0 0 8.08 A < 1 year 1 OWN       resPV= 1
        27      15000 15000 15000 101989.0 0 8.46 A 10+ years 1 OWN     resPV= 0
        28      22350 22350 22350 44712.0 0 7.26 A 3 years 2 RENT       resPV= 1
        29      24000 24000 24000 75000.0 1 10.42 B 10+ years 1 RENT    resPV= 1
        3       20000 20000 20000 110000.0 1 10.47 B 1 year 1 RENT      resPV= 1
        30      15000 15000 15000 44865.0 0 10.78 B 10+ years 0 RENT    resPV= 0
        31      40000 40000 40000 100000.0 0 6.11 A 6 years 1 MORTGAGE  resPV= 1
        32      16000 16000 16000 65500.0 0 8.39 B 3 years 2 RENT       resPV= 0
        33      5000 5000 5000 55000.0 0 7.97 A 6 years 2 MORTGAGE      resPV= 0
        34      11000 11000 11000 71074.8 0 6.49 A nan 1 RENT   resPV= 0
        35      11000 11000 11000 40000.0 0 14.65 C 3 years 1 RENT      resPV= 0
        36      12000 12000 12000 48800.0 0 5.31 A 10+ years 2 MORTGAGE resPV= 0
        37      29900 29900 29900 68000.0 1 21.18 E 2 years 0 OWN       resPV= 1
        38      17000 17000 17000 175000.0 0 7.89 A 10+ years 2 MORTGAGE        resPV= 1
        39      10000 10000 10000 95000.0 0 6.49 A nan 0 MORTGAGE       resPV= 0
        4       2500 2500 2500 85000.0 0 14.47 C 10+ years 2 MORTGAGE   resPV= 1
        40      9660 14322 6020 65935968.000000 0 15.714602 0 7 2 3     resPV= 0
        41      8519 7090 9297 59068012.000000 1 25.332972 6 2 2 2      resPV= 0
        42      20312 28464 13261 69384208.000000 0 6.002098 4 3 0 0    resPV= 0
        43      31264 3538 21132 81518056.000000 0 29.338888 4 6 2 0    resPV= 0
        44      18249 29278 23438 104111072.000000 1 25.834862 6 9 1 2  resPV= 0
        45      7215 39389 20871 103584672.000000 1 18.772604 2 8 2 3   resPV= 0
        46      7391 5087 19939 17948698.000000 1 26.139029 3 6 2 0     resPV= 0
        47      32214 7902 8537 105355944.000000 1 26.885315 5 2 2 0    resPV= 0
        48      2511 24610 36898 38304272.000000 1 7.869105 3 9 1 2     resPV= 0
        49      31953 9040 14596 96519488.000000 1 9.271954 5 7 1 2     resPV= 0
        5       8000 8000 8000 27000.0 0 11.49 B 1 year 0 MORTGAGE      resPV= 0
        50      19294 2706 6254 63711268.000000 1 14.386164 1 -1 0 3    resPV= 0
        51      23744 33390 34339 55592332.000000 1 20.852114 6 9 1 0   resPV= 0
        52      12425 18333 30503 89043944.000000 0 6.773604 5 4 2 5    resPV= 0
        53      36684 15607 32061 25793528.000000 0 28.999178 0 5 1 4   resPV= 0
        54      15508 35828 34875 48756764.000000 1 9.140695 6 6 0 4    resPV= 0
        55      25120 39554 21539 38768880.000000 0 13.438565 4 10 0 4  resPV= 0
        56      30849 2267 1007 16103208.000000 0 7.396910 1 3 1 1      resPV= 0
        57      2750 17577 823 24772598.000000 1 12.961820 4 1 1 1      resPV= 0
        58      14159 19330 23921 38156396.000000 0 7.405087 2 2 2 1    resPV= 0
        59      28306 2057 434 1435000.000000 1 25.793629 0 8 2 4       resPV= 0
        6       20000 20000 20000 56000.0 0 12.05 C 7 years 0 MORTGAGE  resPV= 0
        60      8101 29858 1449 12334928.000000 1 13.379613 1 -1 2 2    resPV= 0
        61      7963 29479 34205 49824732.000000 1 16.612690 1 9 0 4    resPV= 0
        62      30038 20565 31647 60692708.000000 1 27.451235 3 8 2 1   resPV= 0
        63      34839 1388 26508 38326756.000000 1 10.382125 6 1 0 1    resPV= 0
        64      21515 18427 12906 28564756.000000 0 22.629435 1 1 1 3   resPV= 0
        65      13835 14758 3806 4437259.500000 0 11.747121 0 1 2 1     resPV= 0
        66      33899 27806 20399 66240092.000000 1 13.926729 2 9 0 2   resPV= 0
        67      39750 27599 25861 92016888.000000 0 20.221584 2 6 2 3   resPV= 0
        68      14719 23029 216 14806865.000000 0 22.873701 5 -1 1 2    resPV= 0
        69      16468 29509 217 2672305.250000 0 18.362648 4 1 0 3      resPV= 0
        7       24000 24000 24000 131849.0 0 16.02 C 10+ years 0 RENT   resPV= 0
        70      32946 39696 4819 443024.656250 0 16.775007 0 7 2 5      resPV= 0
        71      29269 16159 21479 22628796.000000 0 26.210382 1 6 0 5   resPV= 0
        72      37424 9793 35239 91863056.000000 0 8.380580 3 2 2 2     resPV= 0
        73      22777 18186 25240 46494392.000000 1 27.572044 4 8 2 0   resPV= 0
        74      14662 4955 16868 90578656.000000 0 14.305334 5 10 2 3   resPV= 0
        75      7779 19601 36184 13574648.000000 1 12.768353 6 10 1 3   resPV= 0
        76      7386 32670 27632 95213200.000000 1 14.362259 3 10 1 2   resPV= 0
        77      17347 13195 27636 9864303.000000 0 27.415817 1 3 2 2    resPV= 0
        78      32193 13411 35807 69684856.000000 1 28.324385 0 2 2 0   resPV= 0
        79      15836 29145 6729 84945864.000000 1 11.498018 3 8 0 5    resPV= 0
        8       34000 34000 34000 75000.0 0 7.89 A 10+ years 1 OWN      resPV= 1
        9       12000 12000 12000 43000.0 1 24.5 F 4 years 1 RENT       resPV= 1
